1	25869948	25870206	PGD139_LDLRAP1_1
1	25870150	25870363	PGD139_LDLRAP1_2
1	25870279	25870528	PGD139_LDLRAP1_3
1	25870470	25870655	PGD139_LDLRAP1_4
1	25870632	25870906	PGD139_LDLRAP1_5
1	25870832	25870983	PGD139_LDLRAP1_6
1	25870914	25871189	PGD139_LDLRAP1_7
1	25871092	25871342	PGD139_LDLRAP1_8
1	25871301	25871569	PGD139_LDLRAP1_9
1	25871500	25871765	PGD139_LDLRAP1_10
1	25871695	25871966	PGD139_LDLRAP1_11
1	25871829	25872071	PGD139_LDLRAP1_12
1	25871968	25872226	PGD139_LDLRAP1_13
1	25872167	25872408	PGD139_LDLRAP1_14
1	25872360	25872539	PGD139_LDLRAP1_15
1	25872492	25872737	PGD139_LDLRAP1_16
1	25872666	25872927	PGD139_LDLRAP1_17
1	25872810	25873038	PGD139_LDLRAP1_18
1	25872980	25873215	PGD139_LDLRAP1_19
1	25873166	25873285	PGD139_LDLRAP1_20
1	25873216	25873469	PGD139_LDLRAP1_21
1	25873419	25873560	PGD139_LDLRAP1_22
1	25873498	25873697	PGD139_LDLRAP1_23
1	25873556	25873699	PGD139_LDLRAP1_24
1	25874020	25874247	PGD139_LDLRAP1_25
1	25874154	25874404	PGD139_LDLRAP1_26
1	25874294	25874509	PGD139_LDLRAP1_27
1	25874455	25874720	PGD139_LDLRAP1_28
1	25874645	25874806	PGD139_LDLRAP1_29
1	25875134	25875286	PGD139_LDLRAP1_30
1	25875158	25875424	PGD139_LDLRAP1_31
1	25875389	25875638	PGD139_LDLRAP1_32
1	25875558	25875780	PGD139_LDLRAP1_33
1	25875713	25875978	PGD139_LDLRAP1_34
1	25875867	25876113	PGD139_LDLRAP1_35
1	25875971	25876135	PGD139_LDLRAP1_36
1	25876107	25876368	PGD139_LDLRAP1_37
1	25876276	25876542	PGD139_LDLRAP1_38
1	25876469	25876722	PGD139_LDLRAP1_39
1	25876586	25876856	PGD139_LDLRAP1_40
1	25876800	25877072	PGD139_LDLRAP1_41
1	25877008	25877264	PGD139_LDLRAP1_42
1	25877201	25877388	PGD139_LDLRAP1_43
1	25877318	25877567	PGD139_LDLRAP1_44
1	25877463	25877713	PGD139_LDLRAP1_45
1	25877665	25877874	PGD139_LDLRAP1_46
1	25877814	25878040	PGD139_LDLRAP1_47
1	25877976	25878226	PGD139_LDLRAP1_48
1	25878172	25878412	PGD139_LDLRAP1_49
1	25878354	25878570	PGD139_LDLRAP1_50
1	25878491	25878719	PGD139_LDLRAP1_51
1	25878651	25878918	PGD139_LDLRAP1_52
1	25878805	25879050	PGD139_LDLRAP1_53
1	25878996	25879177	PGD139_LDLRAP1_54
1	25879083	25879352	PGD139_LDLRAP1_55
1	25879284	25879514	PGD139_LDLRAP1_56
1	25879447	25879698	PGD139_LDLRAP1_57
1	25879592	25879833	PGD139_LDLRAP1_58
1	25879783	25880054	PGD139_LDLRAP1_59
1	25879919	25880067	PGD139_LDLRAP1_60
1	25880133	25880354	PGD139_LDLRAP1_61
1	25880275	25880550	PGD139_LDLRAP1_62
1	25880485	25880758	PGD139_LDLRAP1_63
1	25880711	25880953	PGD139_LDLRAP1_64
1	25880801	25880967	PGD139_LDLRAP1_65
1	25880969	25881206	PGD139_LDLRAP1_66
1	25881022	25881290	PGD139_LDLRAP1_67
1	25881232	25881480	PGD139_LDLRAP1_68
1	25881435	25881683	PGD139_LDLRAP1_69
1	25881623	25881864	PGD139_LDLRAP1_70
1	25881694	25881923	PGD139_LDLRAP1_71
1	25881875	25882100	PGD139_LDLRAP1_72
1	25881996	25882265	PGD139_LDLRAP1_73
1	25882195	25882421	PGD139_LDLRAP1_74
1	25882371	25882602	PGD139_LDLRAP1_75
1	25882513	25882667	PGD139_LDLRAP1_76
1	25882612	25882851	PGD139_LDLRAP1_77
1	25882782	25883047	PGD139_LDLRAP1_78
1	25883006	25883281	PGD139_LDLRAP1_79
1	25883230	25883500	PGD139_LDLRAP1_80
1	25883418	25883668	PGD139_LDLRAP1_81
1	25883539	25883695	PGD139_LDLRAP1_82
1	25883660	25883873	PGD139_LDLRAP1_83
1	25883719	25883973	PGD139_LDLRAP1_84
1	25883877	25884127	PGD139_LDLRAP1_85
1	25884087	25884361	PGD139_LDLRAP1_86
1	25884319	25884556	PGD139_LDLRAP1_87
1	25884453	25884701	PGD139_LDLRAP1_88
1	25884652	25884892	PGD139_LDLRAP1_89
1	25884820	25885070	PGD139_LDLRAP1_90
1	25884995	25885246	PGD139_LDLRAP1_91
1	25885194	25885443	PGD139_LDLRAP1_92
1	25885394	25885665	PGD139_LDLRAP1_93
1	25885529	25885697	PGD139_LDLRAP1_94
1	25885657	25885907	PGD139_LDLRAP1_95
1	25885864	25886099	PGD139_LDLRAP1_96
1	25886054	25886261	PGD139_LDLRAP1_97
1	25886211	25886455	PGD139_LDLRAP1_98
1	25886362	25886612	PGD139_LDLRAP1_99
1	25886447	25886618	PGD139_LDLRAP1_100
1	25886625	25886888	PGD139_LDLRAP1_101
1	25886847	25887115	PGD139_LDLRAP1_102
1	25887029	25887295	PGD139_LDLRAP1_103
1	25887237	25887482	PGD139_LDLRAP1_104
1	25887352	25887599	PGD139_LDLRAP1_105
1	25887525	25887769	PGD139_LDLRAP1_106
1	25887709	25887949	PGD139_LDLRAP1_107
1	25887884	25888109	PGD139_LDLRAP1_108
1	25888016	25888264	PGD139_LDLRAP1_109
1	25888169	25888392	PGD139_LDLRAP1_110
1	25888299	25888538	PGD139_LDLRAP1_111
1	25888444	25888714	PGD139_LDLRAP1_112
1	25888634	25888834	PGD139_LDLRAP1_113
1	25888777	25888939	PGD139_LDLRAP1_114
1	25888877	25889139	PGD139_LDLRAP1_115
1	25889066	25889302	PGD139_LDLRAP1_116
1	25889196	25889421	PGD139_LDLRAP1_117
1	25889364	25889573	PGD139_LDLRAP1_118
1	25889481	25889748	PGD139_LDLRAP1_119
1	25889638	25889866	PGD139_LDLRAP1_120
1	25889773	25889983	PGD139_LDLRAP1_121
1	25889923	25890136	PGD139_LDLRAP1_122
1	25890099	25890322	PGD139_LDLRAP1_123
1	25890272	25890523	PGD139_LDLRAP1_124
1	25890450	25890721	PGD139_LDLRAP1_125
1	25890637	25890890	PGD139_LDLRAP1_126
1	25890760	25890974	PGD139_LDLRAP1_127
1	25890914	25891175	PGD139_LDLRAP1_128
1	25891002	25891252	PGD139_LDLRAP1_129
1	25891198	25891358	PGD139_LDLRAP1_130
1	25891244	25891360	PGD139_LDLRAP1_131
1	25891450	25891715	PGD139_LDLRAP1_132
1	25891667	25891917	PGD139_LDLRAP1_133
1	25891873	25892123	PGD139_LDLRAP1_134
1	25892066	25892340	PGD139_LDLRAP1_135
1	25892158	25892408	PGD139_LDLRAP1_136
1	25892380	25892643	PGD139_LDLRAP1_137
1	25892580	25892828	PGD139_LDLRAP1_138
1	25892773	25892999	PGD139_LDLRAP1_139
1	25892936	25893175	PGD139_LDLRAP1_140
1	25893142	25893405	PGD139_LDLRAP1_141
1	25893346	25893607	PGD139_LDLRAP1_142
1	25893462	25893727	PGD139_LDLRAP1_143
1	25893674	25893867	PGD139_LDLRAP1_144
1	25893759	25893927	PGD139_LDLRAP1_145
1	25893859	25894102	PGD139_LDLRAP1_146
1	25894037	25894281	PGD139_LDLRAP1_147
1	25894217	25894466	PGD139_LDLRAP1_148
1	25894405	25894650	PGD139_LDLRAP1_149
1	25894552	25894802	PGD139_LDLRAP1_150
1	25894743	25894977	PGD139_LDLRAP1_151
1	25894917	25895160	PGD139_LDLRAP1_152
1	25895072	25895322	PGD139_LDLRAP1_153
1	25895248	25895405	PGD139_LDLRAP1_154
1	55505117	55505348	PGD139_PCSK9_1
1	55505297	55505485	PGD139_PCSK9_2
1	55505425	55505694	PGD139_PCSK9_3
1	55505613	55505863	PGD139_PCSK9_4
1	55505828	55506103	PGD139_PCSK9_5
1	55506027	55506280	PGD139_PCSK9_6
1	55506131	55506380	PGD139_PCSK9_7
1	55506275	55506381	PGD139_PCSK9_8
1	55506382	55506655	PGD139_PCSK9_9
1	55506593	55506816	PGD139_PCSK9_10
1	55506743	55507009	PGD139_PCSK9_11
1	55506922	55507162	PGD139_PCSK9_12
1	55507106	55507304	PGD139_PCSK9_13
1	55507236	55507504	PGD139_PCSK9_14
1	55507447	55507617	PGD139_PCSK9_15
1	55507512	55507626	PGD139_PCSK9_16
1	55507840	55508092	PGD139_PCSK9_17
1	55508020	55508263	PGD139_PCSK9_18
1	55508212	55508443	PGD139_PCSK9_19
1	55508393	55508632	PGD139_PCSK9_20
1	55508576	55508825	PGD139_PCSK9_21
1	55508660	55508910	PGD139_PCSK9_22
1	55508860	55508965	PGD139_PCSK9_23
1	55508906	55509115	PGD139_PCSK9_24
1	55509017	55509264	PGD139_PCSK9_25
1	55509143	55509397	PGD139_PCSK9_26
1	55509318	55509463	PGD139_PCSK9_27
1	55509401	55509645	PGD139_PCSK9_28
1	55509557	55509809	PGD139_PCSK9_29
1	55509725	55509929	PGD139_PCSK9_30
1	55509846	55510096	PGD139_PCSK9_31
1	55510032	55510244	PGD139_PCSK9_32
1	55510191	55510374	PGD139_PCSK9_33
1	55510323	55510559	PGD139_PCSK9_34
1	55510511	55510783	PGD139_PCSK9_35
1	55510597	55510792	PGD139_PCSK9_36
1	55510776	55511011	PGD139_PCSK9_37
1	55510944	55511201	PGD139_PCSK9_38
1	55511126	55511377	PGD139_PCSK9_39
1	55511211	55511461	PGD139_PCSK9_40
1	55511678	55511951	PGD139_PCSK9_41
1	55511873	55512129	PGD139_PCSK9_42
1	55512011	55512232	PGD139_PCSK9_43
1	55512146	55512310	PGD139_PCSK9_44
1	55512263	55512530	PGD139_PCSK9_45
1	55512395	55512644	PGD139_PCSK9_46
1	55512559	55512715	PGD139_PCSK9_47
1	55512658	55512914	PGD139_PCSK9_48
1	55512801	55513018	PGD139_PCSK9_49
1	55512969	55513215	PGD139_PCSK9_50
1	55513140	55513354	PGD139_PCSK9_51
1	55513299	55513543	PGD139_PCSK9_52
1	55513500	55513758	PGD139_PCSK9_53
1	55513677	55513937	PGD139_PCSK9_54
1	55513830	55514080	PGD139_PCSK9_55
1	55514018	55514274	PGD139_PCSK9_56
1	55514233	55514505	PGD139_PCSK9_57
1	55514456	55514731	PGD139_PCSK9_58
1	55514676	55514924	PGD139_PCSK9_59
1	55514882	55515106	PGD139_PCSK9_60
1	55515056	55515304	PGD139_PCSK9_61
1	55515255	55515477	PGD139_PCSK9_62
1	55515334	55515589	PGD139_PCSK9_63
1	55515542	55515784	PGD139_PCSK9_64
1	55515704	55515929	PGD139_PCSK9_65
1	55515861	55516135	PGD139_PCSK9_66
1	55516092	55516367	PGD139_PCSK9_67
1	55516326	55516569	PGD139_PCSK9_68
1	55516404	55516621	PGD139_PCSK9_69
1	55516570	55516811	PGD139_PCSK9_70
1	55516758	55516968	PGD139_PCSK9_71
1	55516917	55517142	PGD139_PCSK9_72
1	55517106	55517381	PGD139_PCSK9_73
1	55517343	55517618	PGD139_PCSK9_74
1	55517564	55517814	PGD139_PCSK9_75
1	55517757	55517992	PGD139_PCSK9_76
1	55517883	55517997	PGD139_PCSK9_77
1	55517984	55518251	PGD139_PCSK9_78
1	55518030	55518279	PGD139_PCSK9_79
1	55518251	55518498	PGD139_PCSK9_80
1	55518295	55518558	PGD139_PCSK9_81
1	55518531	55518792	PGD139_PCSK9_82
1	55518727	55518955	PGD139_PCSK9_83
1	55518796	55519004	PGD139_PCSK9_84
1	55518973	55519154	PGD139_PCSK9_85
1	55519112	55519315	PGD139_PCSK9_86
1	55519258	55519508	PGD139_PCSK9_87
1	55519460	55519678	PGD139_PCSK9_88
1	55519609	55519780	PGD139_PCSK9_89
1	55519701	55519951	PGD139_PCSK9_90
1	55520051	55520249	PGD139_PCSK9_91
1	55520155	55520401	PGD139_PCSK9_92
1	55520691	55520934	PGD139_PCSK9_93
1	55520841	55521091	PGD139_PCSK9_94
1	55521031	55521278	PGD139_PCSK9_95
1	55521226	55521501	PGD139_PCSK9_96
1	55521443	55521695	PGD139_PCSK9_97
1	55521587	55521843	PGD139_PCSK9_98
1	55521790	55522023	PGD139_PCSK9_99
1	55521962	55522231	PGD139_PCSK9_100
1	55522160	55522316	PGD139_PCSK9_101
1	55522267	55522517	PGD139_PCSK9_102
1	55522465	55522667	PGD139_PCSK9_103
1	55522583	55522740	PGD139_PCSK9_104
1	55522672	55522922	PGD139_PCSK9_105
1	55522878	55523126	PGD139_PCSK9_106
1	55523077	55523330	PGD139_PCSK9_107
1	55523288	55523543	PGD139_PCSK9_108
1	55523493	55523698	PGD139_PCSK9_109
1	55523566	55523793	PGD139_PCSK9_110
1	55523718	55523961	PGD139_PCSK9_111
1	55523919	55524179	PGD139_PCSK9_112
1	55524085	55524330	PGD139_PCSK9_113
1	55524278	55524552	PGD139_PCSK9_114
1	55524442	55524713	PGD139_PCSK9_115
1	55524634	55524866	PGD139_PCSK9_116
1	55524716	55524953	PGD139_PCSK9_117
1	55524904	55525141	PGD139_PCSK9_118
1	55525089	55525345	PGD139_PCSK9_119
1	55525206	55525449	PGD139_PCSK9_120
1	55525405	55525627	PGD139_PCSK9_121
1	55525560	55525805	PGD139_PCSK9_122
1	55525751	55525916	PGD139_PCSK9_123
1	55525868	55526069	PGD139_PCSK9_124
1	55526018	55526273	PGD139_PCSK9_125
1	55526165	55526344	PGD139_PCSK9_126
1	55526265	55526524	PGD139_PCSK9_127
1	55526430	55526680	PGD139_PCSK9_128
1	55526612	55526816	PGD139_PCSK9_129
1	55526766	55527017	PGD139_PCSK9_130
1	55526951	55527200	PGD139_PCSK9_131
1	55527115	55527380	PGD139_PCSK9_132
1	55527278	55527528	PGD139_PCSK9_133
1	55527436	55527685	PGD139_PCSK9_134
1	55527652	55527917	PGD139_PCSK9_135
1	55527865	55528042	PGD139_PCSK9_136
1	55527982	55528230	PGD139_PCSK9_137
1	55528169	55528431	PGD139_PCSK9_138
1	55528302	55528565	PGD139_PCSK9_139
1	55528525	55528800	PGD139_PCSK9_140
1	55528750	55528982	PGD139_PCSK9_141
1	55528891	55529137	PGD139_PCSK9_142
1	55529004	55529149	PGD139_PCSK9_143
1	55529129	55529331	PGD139_PCSK9_144
1	55529263	55529520	PGD139_PCSK9_145
1	55529431	55529697	PGD139_PCSK9_146
1	55529641	55529893	PGD139_PCSK9_147
1	55529729	55529950	PGD139_PCSK9_148
1	55529896	55530168	PGD139_PCSK9_149
1	55530125	55530399	PGD139_PCSK9_150
1	55530353	55530551	PGD139_PCSK9_151
2	21224274	21224541	PGD139_APOB_1
2	21224474	21224724	PGD139_APOB_2
2	21224668	21224906	PGD139_APOB_3
2	21224853	21225103	PGD139_APOB_4
2	21225043	21225255	PGD139_APOB_5
2	21225188	21225418	PGD139_APOB_6
2	21225360	21225564	PGD139_APOB_7
2	21225500	21225748	PGD139_APOB_8
2	21225671	21225920	PGD139_APOB_9
2	21225852	21226101	PGD139_APOB_10
2	21226040	21226304	PGD139_APOB_11
2	21226196	21226446	PGD139_APOB_12
2	21226394	21226641	PGD139_APOB_13
2	21226533	21226808	PGD139_APOB_14
2	21226745	21226944	PGD139_APOB_15
2	21226891	21227140	PGD139_APOB_16
2	21227090	21227316	PGD139_APOB_17
2	21227265	21227483	PGD139_APOB_18
2	21227415	21227635	PGD139_APOB_19
2	21227579	21227809	PGD139_APOB_20
2	21227753	21227986	PGD139_APOB_21
2	21227931	21228160	PGD139_APOB_22
2	21228108	21228357	PGD139_APOB_23
2	21228287	21228496	PGD139_APOB_24
2	21228445	21228689	PGD139_APOB_25
2	21228631	21228877	PGD139_APOB_26
2	21228801	21229028	PGD139_APOB_27
2	21228979	21229229	PGD139_APOB_28
2	21229176	21229419	PGD139_APOB_29
2	21229366	21229616	PGD139_APOB_30
2	21229560	21229780	PGD139_APOB_31
2	21229726	21229976	PGD139_APOB_32
2	21229928	21230171	PGD139_APOB_33
2	21230122	21230362	PGD139_APOB_34
2	21230304	21230548	PGD139_APOB_35
2	21230498	21230695	PGD139_APOB_36
2	21230640	21230878	PGD139_APOB_37
2	21230825	21231018	PGD139_APOB_38
2	21230961	21231206	PGD139_APOB_39
2	21231148	21231359	PGD139_APOB_40
2	21231304	21231550	PGD139_APOB_41
2	21231478	21231728	PGD139_APOB_42
2	21231663	21231884	PGD139_APOB_43
2	21231799	21232047	PGD139_APOB_44
2	21231988	21232194	PGD139_APOB_45
2	21232142	21232370	PGD139_APOB_46
2	21232316	21232563	PGD139_APOB_47
2	21232475	21232725	PGD139_APOB_48
2	21232674	21232918	PGD139_APOB_49
2	21232861	21233103	PGD139_APOB_50
2	21233039	21233269	PGD139_APOB_51
2	21233210	21233454	PGD139_APOB_52
2	21233397	21233646	PGD139_APOB_53
2	21233595	21233788	PGD139_APOB_54
2	21233730	21233963	PGD139_APOB_55
2	21233909	21234108	PGD139_APOB_56
2	21234056	21234273	PGD139_APOB_57
2	21234207	21234451	PGD139_APOB_58
2	21234395	21234620	PGD139_APOB_59
2	21234545	21234772	PGD139_APOB_60
2	21234684	21234928	PGD139_APOB_61
2	21234875	21235095	PGD139_APOB_62
2	21235031	21235275	PGD139_APOB_63
2	21235221	21235470	PGD139_APOB_64
2	21235408	21235657	PGD139_APOB_65
2	21235594	21235843	PGD139_APOB_66
2	21235786	21236034	PGD139_APOB_67
2	21235976	21236224	PGD139_APOB_68
2	21236162	21236399	PGD139_APOB_69
2	21236344	21236544	PGD139_APOB_70
2	21236483	21236705	PGD139_APOB_71
2	21236645	21236890	PGD139_APOB_72
2	21236806	21237054	PGD139_APOB_73
2	21237001	21237207	PGD139_APOB_74
2	21237140	21237348	PGD139_APOB_75
2	21237267	21237507	PGD139_APOB_76
2	21237453	21237682	PGD139_APOB_77
2	21237623	21237871	PGD139_APOB_78
2	21237761	21238035	PGD139_APOB_79
2	21237939	21238188	PGD139_APOB_80
2	21238133	21238384	PGD139_APOB_81
2	21238279	21238528	PGD139_APOB_82
2	21238473	21238684	PGD139_APOB_83
2	21238627	21238877	PGD139_APOB_84
2	21238704	21238883	PGD139_APOB_85
2	21239167	21239442	PGD139_APOB_86
2	21239385	21239580	PGD139_APOB_87
2	21239906	21240181	PGD139_APOB_88
2	21240090	21240339	PGD139_APOB_89
2	21240280	21240536	PGD139_APOB_90
2	21240442	21240681	PGD139_APOB_91
2	21240623	21240835	PGD139_APOB_92
2	21240784	21241024	PGD139_APOB_93
2	21240970	21241228	PGD139_APOB_94
2	21241164	21241434	PGD139_APOB_95
2	21241356	21241613	PGD139_APOB_96
2	21241555	21241820	PGD139_APOB_97
2	21241753	21241994	PGD139_APOB_98
2	21241939	21242144	PGD139_APOB_99
2	21242086	21242296	PGD139_APOB_100
2	21242232	21242480	PGD139_APOB_101
2	21242416	21242634	PGD139_APOB_102
2	21242542	21242768	PGD139_APOB_103
2	21242718	21242960	PGD139_APOB_104
2	21242885	21243135	PGD139_APOB_105
2	21242956	21243205	PGD139_APOB_106
2	21243149	21243390	PGD139_APOB_107
2	21243337	21243558	PGD139_APOB_108
2	21243501	21243747	PGD139_APOB_109
2	21243660	21243908	PGD139_APOB_110
2	21243852	21244091	PGD139_APOB_111
2	21244041	21244290	PGD139_APOB_112
2	21244234	21244501	PGD139_APOB_113
2	21244456	21244706	PGD139_APOB_114
2	21244643	21244910	PGD139_APOB_115
2	21244888	21245151	PGD139_APOB_116
2	21244982	21245253	PGD139_APOB_117
2	21245206	21245456	PGD139_APOB_118
2	21245367	21245589	PGD139_APOB_119
2	21245527	21245770	PGD139_APOB_120
2	21245688	21245924	PGD139_APOB_121
2	21245857	21246107	PGD139_APOB_122
2	21246055	21246300	PGD139_APOB_123
2	21246235	21246477	PGD139_APOB_124
2	21246395	21246644	PGD139_APOB_125
2	21246579	21246802	PGD139_APOB_126
2	21246736	21246978	PGD139_APOB_127
2	21246897	21247102	PGD139_APOB_128
2	21247029	21247210	PGD139_APOB_129
2	21247147	21247334	PGD139_APOB_130
2	21247287	21247538	PGD139_APOB_131
2	21247494	21247707	PGD139_APOB_132
2	21247653	21247817	PGD139_APOB_133
2	21247756	21248001	PGD139_APOB_134
2	21247939	21248189	PGD139_APOB_135
2	21248136	21248381	PGD139_APOB_136
2	21248323	21248571	PGD139_APOB_137
2	21248506	21248727	PGD139_APOB_138
2	21248674	21248878	PGD139_APOB_139
2	21248813	21249062	PGD139_APOB_140
2	21249000	21249114	PGD139_APOB_141
2	21249411	21249664	PGD139_APOB_142
2	21249599	21249823	PGD139_APOB_143
2	21249770	21249998	PGD139_APOB_144
2	21249908	21250158	PGD139_APOB_145
2	21249994	21250177	PGD139_APOB_146
2	21250476	21250750	PGD139_APOB_147
2	21250703	21250978	PGD139_APOB_148
2	21250922	21251196	PGD139_APOB_149
2	21251141	21251414	PGD139_APOB_150
2	21251369	21251644	PGD139_APOB_151
2	21251593	21251867	PGD139_APOB_152
2	21251818	21252048	PGD139_APOB_153
2	21252308	21252579	PGD139_APOB_154
2	21252509	21252779	PGD139_APOB_155
2	21252720	21252968	PGD139_APOB_156
2	21252914	21253178	PGD139_APOB_157
2	21252992	21253238	PGD139_APOB_158
2	21253185	21253434	PGD139_APOB_159
2	21253373	21253623	PGD139_APOB_160
2	21253549	21253799	PGD139_APOB_161
2	21253687	21253937	PGD139_APOB_162
2	21253853	21254122	PGD139_APOB_163
2	21254010	21254269	PGD139_APOB_164
2	21254196	21254446	PGD139_APOB_165
2	21254364	21254528	PGD139_APOB_166
2	21254565	21254822	PGD139_APOB_167
2	21254775	21255001	PGD139_APOB_168
2	21254934	21255159	PGD139_APOB_169
2	21255107	21255303	PGD139_APOB_170
2	21255201	21255451	PGD139_APOB_171
2	21255395	21255649	PGD139_APOB_172
2	21255597	21255803	PGD139_APOB_173
2	21255734	21255978	PGD139_APOB_174
2	21255924	21256173	PGD139_APOB_175
2	21256113	21256357	PGD139_APOB_176
2	21256300	21256527	PGD139_APOB_177
2	21256443	21256666	PGD139_APOB_178
2	21256603	21256847	PGD139_APOB_179
2	21256790	21257033	PGD139_APOB_180
2	21256977	21257223	PGD139_APOB_181
2	21257167	21257412	PGD139_APOB_182
2	21257331	21257556	PGD139_APOB_183
2	21257503	21257752	PGD139_APOB_184
2	21257703	21257953	PGD139_APOB_185
2	21257885	21258134	PGD139_APOB_186
2	21258069	21258314	PGD139_APOB_187
2	21258260	21258468	PGD139_APOB_188
2	21258408	21258655	PGD139_APOB_189
2	21258600	21258822	PGD139_APOB_190
2	21258761	21259008	PGD139_APOB_191
2	21258944	21259219	PGD139_APOB_192
2	21259028	21259278	PGD139_APOB_193
2	21259230	21259429	PGD139_APOB_194
2	21259379	21259613	PGD139_APOB_195
2	21259500	21259709	PGD139_APOB_196
2	21259655	21259850	PGD139_APOB_197
2	21259808	21260061	PGD139_APOB_198
2	21260014	21260250	PGD139_APOB_199
2	21260201	21260447	PGD139_APOB_200
2	21260388	21260634	PGD139_APOB_201
2	21260514	21260763	PGD139_APOB_202
2	21260707	21260932	PGD139_APOB_203
2	21260881	21261118	PGD139_APOB_204
2	21261051	21261193	PGD139_APOB_205
2	21261497	21261772	PGD139_APOB_206
2	21261706	21261981	PGD139_APOB_207
2	21261926	21262177	PGD139_APOB_208
2	21262037	21262308	PGD139_APOB_209
2	21262249	21262404	PGD139_APOB_210
2	21262349	21262589	PGD139_APOB_211
2	21262486	21262713	PGD139_APOB_212
2	21262600	21262810	PGD139_APOB_213
2	21262705	21262824	PGD139_APOB_214
2	21262805	21263042	PGD139_APOB_215
2	21262954	21263225	PGD139_APOB_216
2	21263171	21263436	PGD139_APOB_217
2	21263366	21263638	PGD139_APOB_218
2	21263573	21263813	PGD139_APOB_219
2	21263737	21263982	PGD139_APOB_220
2	21263874	21264146	PGD139_APOB_221
2	21264095	21264316	PGD139_APOB_222
2	21264264	21264508	PGD139_APOB_223
2	21264438	21264661	PGD139_APOB_224
2	21264599	21264849	PGD139_APOB_225
2	21264742	21264989	PGD139_APOB_226
2	21264868	21265118	PGD139_APOB_227
2	21265060	21265310	PGD139_APOB_228
2	21265250	21265460	PGD139_APOB_229
2	21265358	21265585	PGD139_APOB_230
2	21265523	21265772	PGD139_APOB_231
2	21265712	21265985	PGD139_APOB_232
2	21265815	21266065	PGD139_APOB_233
2	21266014	21266195	PGD139_APOB_234
2	21266059	21266221	PGD139_APOB_235
2	21266188	21266446	PGD139_APOB_236
2	21266372	21266524	PGD139_APOB_237
2	21266802	21267053	PGD139_APOB_238
4	68424401	68424645	PGD139_STAP1_1
4	68424578	68424798	PGD139_STAP1_2
4	68436666	68436916	PGD139_STAP1_3
4	68436821	68437020	PGD139_STAP1_4
4	68440969	68441217	PGD139_STAP1_5
4	68441138	68441351	PGD139_STAP1_6
4	68442727	68442967	PGD139_STAP1_7
4	68442908	68443149	PGD139_STAP1_8
4	68446887	68447118	PGD139_STAP1_9
4	68447055	68447281	PGD139_STAP1_10
4	68447202	68447394	PGD139_STAP1_11
4	68449157	68449407	PGD139_STAP1_12
4	68449279	68449528	PGD139_STAP1_13
4	68449400	68449540	PGD139_STAP1_14
4	68456423	68456673	PGD139_STAP1_15
4	68456605	68456811	PGD139_STAP1_16
4	68458844	68459094	PGD139_STAP1_17
4	68458991	68459239	PGD139_STAP1_18
4	68471884	68472114	PGD139_STAP1_19
4	68471978	68472208	PGD139_STAP1_20
8	19796829	19797060	PGD139_LPL_1
8	19796992	19797244	PGD139_LPL_2
8	19805560	19805738	PGD139_LPL_3
8	19805604	19805843	PGD139_LPL_4
8	19805791	19805990	PGD139_LPL_5
8	19809141	19809351	PGD139_LPL_6
8	19809264	19809507	PGD139_LPL_7
8	19809439	19809664	PGD139_LPL_8
8	19810653	19810867	PGD139_LPL_9
8	19810753	19811003	PGD139_LPL_10
8	19810918	19811090	PGD139_LPL_11
8	19811499	19811729	PGD139_LPL_12
8	19811672	19811839	PGD139_LPL_13
8	19811781	19812009	PGD139_LPL_14
8	19813212	19813445	PGD139_LPL_15
8	19813317	19813566	PGD139_LPL_16
8	19813504	19813753	PGD139_LPL_17
8	19816597	19816846	PGD139_LPL_18
8	19816788	19817035	PGD139_LPL_19
8	19818266	19818510	PGD139_LPL_20
8	19818438	19818631	PGD139_LPL_21
8	19818551	19818768	PGD139_LPL_22
8	19819477	19819719	PGD139_LPL_23
8	19819625	19819874	PGD139_LPL_24
8	19822687	19822953	PGD139_LPL_25
10	90974442	90974638	PGD139_LIPA_1
10	90974577	90974827	PGD139_LIPA_2
10	90974696	90974917	PGD139_LIPA_3
10	90974819	90975041	PGD139_LIPA_4
10	90975557	90975806	PGD139_LIPA_5
10	90975733	90975982	PGD139_LIPA_6
10	90982032	90982243	PGD139_LIPA_7
10	90982181	90982428	PGD139_LIPA_8
10	90982325	90982470	PGD139_LIPA_9
10	90983312	90983525	PGD139_LIPA_10
10	90983457	90983688	PGD139_LIPA_11
10	90983585	90983760	PGD139_LIPA_12
10	90984628	90984877	PGD139_LIPA_13
10	90984788	90985037	PGD139_LIPA_14
10	90984960	90985208	PGD139_LIPA_15
10	90986513	90986762	PGD139_LIPA_16
10	90986666	90986897	PGD139_LIPA_17
10	90987808	90988021	PGD139_LIPA_18
10	90987946	90988188	PGD139_LIPA_19
10	90988087	90988300	PGD139_LIPA_20
10	91005304	91005528	PGD139_LIPA_21
10	91005466	91005684	PGD139_LIPA_22
10	91007169	91007419	PGD139_LIPA_23
10	91007276	91007519	PGD139_LIPA_24
10	91007432	91007581	PGD139_LIPA_25
12	21329671	21329812	PGD139_SLCO1B1_1
12	21331489	21331597	PGD139_SLCO1B1_2
12	21368658	21368788	PGD139_SLCO1B1_3
16	56995708	56995850	PGD139_CETP_1
16	56995796	56996033	PGD139_CETP_2
16	56995972	56996134	PGD139_CETP_3
16	56996789	56997039	PGD139_CETP_4
16	56996914	56997177	PGD139_CETP_5
16	57003163	57003397	PGD139_CETP_6
16	57003346	57003587	PGD139_CETP_7
16	57003537	57003787	PGD139_CETP_8
16	57003737	57003979	PGD139_CETP_9
16	57003860	57004106	PGD139_CETP_10
16	57004800	57004996	PGD139_CETP_11
16	57004949	57005224	PGD139_CETP_12
16	57005111	57005386	PGD139_CETP_13
16	57005268	57005515	PGD139_CETP_14
16	57005728	57005957	PGD139_CETP_15
16	57005904	57006009	PGD139_CETP_16
16	57005949	57006102	PGD139_CETP_17
16	57006052	57006239	PGD139_CETP_18
16	57007110	57007348	PGD139_CETP_19
16	57007241	57007430	PGD139_CETP_20
16	57007363	57007556	PGD139_CETP_21
16	57008865	57009105	PGD139_CETP_22
16	57009041	57009240	PGD139_CETP_23
16	57011833	57012082	PGD139_CETP_24
16	57011989	57012174	PGD139_CETP_25
16	57012096	57012334	PGD139_CETP_26
16	57014916	57015142	PGD139_CETP_27
16	57015060	57015314	PGD139_CETP_28
16	57015392	57015630	PGD139_CETP_29
16	57015556	57015803	PGD139_CETP_30
16	57015946	57016207	PGD139_CETP_31
16	57016098	57016277	PGD139_CETP_32
16	57017088	57017318	PGD139_CETP_33
16	57017264	57017539	PGD139_CETP_34
16	57017315	57017589	PGD139_CETP_35
16	57017542	57017728	PGD139_CETP_36
19	11199996	11200130	PGD139_LDLR_1
19	11200062	11200334	PGD139_LDLR_2
19	11200171	11200393	PGD139_LDLR_3
19	11200359	11200506	PGD139_LDLR_4
19	11200413	11200571	PGD139_LDLR_5
19	11210669	11210837	PGD139_LDLR_6
19	11210776	11210965	PGD139_LDLR_7
19	11210835	11211075	PGD139_LDLR_8
19	11210995	11211261	PGD139_LDLR_9
19	11213287	11213545	PGD139_LDLR_10
19	11213477	11213645	PGD139_LDLR_11
19	11213588	11213818	PGD139_LDLR_12
19	11215600	11215733	PGD139_LDLR_13
19	11215668	11215934	PGD139_LDLR_14
19	11215850	11216119	PGD139_LDLR_15
19	11215943	11216213	PGD139_LDLR_16
19	11216136	11216386	PGD139_LDLR_17
19	11216261	11216511	PGD139_LDLR_18
19	11216942	11217216	PGD139_LDLR_19
19	11217070	11217345	PGD139_LDLR_20
19	11217264	11217440	PGD139_LDLR_21
19	11217341	11217528	PGD139_LDLR_22
19	11217480	11217662	PGD139_LDLR_23
19	11217932	11218190	PGD139_LDLR_24
19	11218084	11218280	PGD139_LDLR_25
19	11221245	11221511	PGD139_LDLR_26
19	11221366	11221597	PGD139_LDLR_27
19	11221530	11221656	PGD139_LDLR_28
19	11221958	11222208	PGD139_LDLR_29
19	11222131	11222405	PGD139_LDLR_30
19	11222280	11222545	PGD139_LDLR_31
19	11223686	11223911	PGD139_LDLR_32
19	11223811	11224085	PGD139_LDLR_33
19	11224038	11224313	PGD139_LDLR_34
19	11224232	11224452	PGD139_LDLR_35
19	11224376	11224548	PGD139_LDLR_36
19	11224488	11224593	PGD139_LDLR_37
19	11224562	11224831	PGD139_LDLR_38
19	11226372	11226646	PGD139_LDLR_39
19	11226615	11226888	PGD139_LDLR_40
19	11226836	11227018	PGD139_LDLR_41
19	11226981	11227196	PGD139_LDLR_42
19	11227304	11227578	PGD139_LDLR_43
19	11227512	11227751	PGD139_LDLR_44
19	11227616	11227810	PGD139_LDLR_45
19	11230685	11230960	PGD139_LDLR_46
19	11230781	11231020	PGD139_LDLR_47
19	11230961	11231145	PGD139_LDLR_48
19	11231047	11231321	PGD139_LDLR_49
19	11231263	11231432	PGD139_LDLR_50
19	11233532	11233801	PGD139_LDLR_51
19	11233751	11233933	PGD139_LDLR_52
19	11233815	11234031	PGD139_LDLR_53
19	11233983	11234230	PGD139_LDLR_54
19	11234078	11234321	PGD139_LDLR_55
19	11238443	11238574	PGD139_LDLR_56
19	11238502	11238731	PGD139_LDLR_57
19	11238635	11238868	PGD139_LDLR_58
19	11238747	11239000	PGD139_LDLR_59
19	11239932	11240122	PGD139_LDLR_60
19	11240068	11240270	PGD139_LDLR_61
19	11240212	11240425	PGD139_LDLR_62
19	11240345	11240595	PGD139_LDLR_63
19	11241697	11241966	PGD139_LDLR_64
19	11241918	11242131	PGD139_LDLR_65
19	11242044	11242264	PGD139_LDLR_66
19	45408877	45409051	PGD139_APOE_1
19	45409013	45409200	PGD139_APOE_2
19	45409067	45409337	PGD139_APOE_3
19	45409715	45409855	PGD139_APOE_4
19	45409741	45409929	PGD139_APOE_5
19	45409874	45410075	PGD139_APOE_6
19	45410844	45411021	PGD139_APOE_7
19	45410943	45411147	PGD139_APOE_8
19	45411116	45411382	PGD139_APOE_9
19	45411590	45411856	PGD139_APOE_10
19	45411799	45412073	PGD139_APOE_11
19	45412039	45412313	PGD139_APOE_12
19	45412343	45412523	PGD139_APOE_13
19	45412386	45412652	PGD139_APOE_14
